2	6150	6	4106	6155	4107	6157	6159	2067	6165	6170	29	2041	45	52	6199	56	2105	57	60	2109	2112	6209	6210	4160	2115	66	72	6217	85	2143	99	2150	2151	4209	4212	125	2174	4226	4233	6282	142	6294	2202	4254	2210	2212	2216	6313	6316	2222	174	6324	4281	2244	2246	6342	4302	6359	2265	6366	6371	2277	6375	6378	4337	2298	252	6400	257	2304	2307	262	2322	4376	6426	4386	290	2343	4391	6443	302	304	6448	2354	2356	6453	2359	2364	319	2370	2371	4421	2373	327	2377	6474	6475	4429	6477	6486	355	2406	4463	6512	2418	6518	4474	4475	4478	6527	2432	4481	2433	6531	6532	2438	4491	2449	6549	6555	416	6562	418	6564	6565	422	6567	4523	2481	4529	434	437	4535	4537	4538	442	4540	4545	4549	2502	455	4552	6602	6603	6605	2511	4561	6616	6617	2525	477	2530	4580	6630	4585	2547	2552	6651	2556	519	4620	6669	529	2596	6693	2605	4654	4655	4656	565	568	4668	4669	574	575	579	4677	583	587	595	4702	624	4722	2675	626	4723	633	6780	4733	4736	2700	4750	2707	4759	2717	2725	678	684	697	707	2759	2761	4813	2769	2770	4824	4842	2795	759	4863	4869	4874	6927	2836	788	790	2840	4890	6944	4909	4910	6963	6973	2878	2882	6981	2892	6990	4949	6997	2901	866	4968	7016	4981	7030	7032	7033	7036	4989	895	7044	2950	2954	5003	7052	7054	2966	2970	7075	2985	939	5042	2996	3002	955	5051	5063	5064	5067	3025	5073	7123	7131	7132	3035	7138	5091	7139	3042	7143	7151	5106	3059	3063	3067	5117	3071	5121	1030	1032	3084	5133	7191	5147	3099	7200	5152	1061	3110	5158	7208	3113	3119	1078	1084	5183	1088	3137	5192	7241	1103	3167	5226	1136	1138	1139	3188	5237	3192	5241	3206	3209	5267	7319	3225	5275	3235	7333	3237	3240	5296	5301	1213	5310	3266	1219	1220	3275	5325	1234	5331	3287	1243	5340	3299	1256	3306	7416	5382	3337	5386	3347	7453	3364	1322	5420	3372	5421	5424	5438	1348	5447	5455	7503	5457	3410	1359	5466	3423	3426	5474	1383	3439	7536	1393	1392	5492	5493	5495	1408	3466	1422	7566	3471	1426	5525	5528	5532	3488	1444	5547	7598	5553	7601	3512	5575	1479	1487	5583	1499	1500	3549	5616	3576	3577	5627	3595	1551	5647	3600	5652	1559	5656	1562	5661	5663	5667	1573	5672	5674	1587	5692	1597	3647	1600	1605	1606	1620	3672	1640	1641	3691	1650	3699	5747	1655	1672	5770	3723	1680	1685	5787	5793	3748	1702	5809	5816	5818	5829	5847	1755	1758	3814	3820	3826	3829	5879	5880	5882	1788	3849	5900	1804	5905	1811	3863	3872	1825	5934	5935	5938	3898	5949	5969	1876	5972	1882	5982	1896	3953	1914	6012	6015	1923	6028	6029	3991	6050	1961	1983	1984	1985	6084	6093	6100	2014	6123	6126	6137	6138	6143	
519	5647	529	2577	19	6165	4629	1559	3099	29	5150	3614	5663	4131	1061	5158	6693	7208	1573	4655	4656	565	1078	6199	4150	5692	4160	1088	6210	66	4163	1605	3067	72	6217	587	1100	1103	4691	1620	2134	3672	601	3071	4702	2143	7263	1640	5226	3691	624	4209	4723	5747	1651	3192	125	2174	4736	4226	3206	4233	6282	3209	2700	7310	6294	5275	2210	2212	1702	3240	684	5809	5301	5816	4281	697	5310	3266	1219	1220	3781	6342	2761	3275	5325	6359	3287	4824	6366	3806	3299	3300	6375	6378	4842	2795	3820	4337	6901	7416	5880	2298	252	766	2303	6400	257	2304	2307	767	262	5386	6927	5905	3863	4890	2335	291	3364	1322	4909	4910	5935	6963	6973	2878	5949	3907	1348	2377	6474	2892	3917	6990	2896	5969	3410	5972	4949	866	1383	7016	4463	6512	3439	7536	1392	5492	5493	7033	1914	7036	6012	1408	6532	7044	2950	392	3466	5003	6029	1422	7566	3471	1426	5532	3488	6562	418	6564	6565	1444	6050	2980	2985	1961	4523	5547	939	7598	7601	434	2996	4535	4537	3002	1983	4031	1985	5064	5067	6605	6093	1487	3025	7123	6100	6616	6617	4570	1499	1500	7131	7132	3035	3042	6630	7143	6123	3051	7151	5106	2547	6133	3063	6651	2556	6143	
5647	2577	19	6165	1562	3099	5150	4131	6693	1573	7208	4655	4656	565	1078	4150	6210	4163	6217	3672	601	4702	1630	4209	1651	3192	125	2174	3209	6282	1177	5275	4262	684	5301	5310	1220	2761	6359	6366	6378	4337	6901	2298	2299	252	766	767	2303	2824	6927	3863	4890	2335	291	1322	6973	5949	6474	2892	3917	6990	3410	4949	866	7016	363	3948	2414	4463	6512	5492	5493	2421	1914	1408	6532	3975	392	3466	1426	5532	6050	6565	2985	1961	2996	4535	1984	1985	5064	5067	6093	1487	3025	7123	1499	3035	993	3042	6630	6123	2547	3067	
6532	3975	392	6282	2700	4623	529	5532	5150	4512	1569	1573	6565	7208	1322	2298	684	2299	4656	565	4535	6906	5949	6973	5310	1984	6210	1220	3067	5064	2761	6474	5067	1100	3917	6093	6351	2512	3410	1630	7006	866	3042	6512	1651	5492	5493	2547	1914	3323	252	125	766	
6532	392	4623	529	4377	412	5150	1569	6050	7208	2298	5809	565	4150	5949	5064	2761	2512	3410	4314	1630	7006	3042	6512	3059	6906	3067	252	125	
6050	963	6532	227	392	2761	5064	1630	7208	5949	7246	6512	529	3059	563	4150	412	125	5150	
4163	6532	2761	2700	7246	6512	4150	1630	
2700	4163	6532	7246	
4123	4163	6532	4195	
4195	2700	
4138	4195	










